"subject_id","HBA2.1","HBA2.2","HBA2.3","HBA2.4","HBA2.5","HBA2.6","HBA2.7","HBA2.8","HBA2.9","HBA2.10","HBA2.11","HBA2.12"
"Mf1_13",0.259389083625438,0.232348522784176,NA,NA,0.508262393590386,NA,NA,NA,NA,NA,NA,NA
"Mf1_14",0.248809253799047,0.247902018598322,0.503288727602631,NA,NA,NA,NA,NA,NA,NA,NA,NA
"Mf1_15",NA,NA,NA,NA,0.490534049166431,NA,0.509465950833569,NA,NA,NA,NA,NA
"Mf1_16",0.49375,0.50625,NA,NA,NA,NA,NA,NA,NA,NA,NA,NA
"Mf1_17",0.315045719035744,0.325852036575229,NA,NA,0.359102244389027,NA,NA,NA,NA,NA,NA,NA
"Mf1_18",0.473782771535581,0.454788657035848,0.0714285714285714,NA,NA,NA,NA,NA,NA,NA,NA,NA
"Mf1_19",0.150319533203668,0.174770769658238,NA,NA,0.346207279799944,NA,NA,NA,NA,NA,NA,0.328702417338149
"Mf1_20",0.248617511520737,0.254147465437788,NA,NA,0.497235023041475,NA,NA,NA,NA,NA,NA,NA
"Mf1_21",0.253744493392071,0.239647577092511,0.506607929515419,NA,NA,NA,NA,NA,NA,NA,NA,NA
"Mf1_22",NA,NA,0.50222515246415,NA,NA,NA,NA,NA,0.259765946925993,0.238008900609857,NA,NA
"Mf1_23",0.255249138201191,0.247727984957694,0.497022876841116,NA,NA,NA,NA,NA,NA,NA,NA,NA
"Mf1_25",0.504136375031336,0.495863624968664,NA,NA,NA,NA,NA,NA,NA,NA,NA,NA
"Mf1_26",NA,NA,0.336500395882819,NA,0.330392489537383,0.333107114579799,NA,NA,NA,NA,NA,NA
"Mf1_27",NA,NA,NA,NA,0.491600353669319,NA,0.508399646330681,NA,NA,NA,NA,NA
"Mf1_28",NA,NA,0.515204678362573,NA,0.484795321637427,NA,NA,NA,NA,NA,NA,NA
"Mf1_29",0.251321959493166,0.241544447770129,NA,0.507133592736706,NA,NA,NA,NA,NA,NA,NA,NA
"Mf1_30",0.158955223880597,0.160074626865672,NA,0.344029850746269,NA,NA,NA,0.336940298507463,NA,NA,NA,NA
"Mf1_32",0.235612592741127,0.248245438139162,NA,NA,NA,0.516141969119711,NA,NA,NA,NA,NA,NA
"Mf1_33",0.32853982300885,0.320575221238938,NA,0.350884955752212,NA,NA,NA,NA,NA,NA,NA,NA
"Mf1_34",NA,NA,0.12035661218425,NA,NA,NA,NA,NA,0.453194650817236,NA,0.426448736998514,NA
"Mf1_35",0.267938237965486,0.221616712079927,0.510445049954587,NA,NA,NA,NA,NA,NA,NA,NA,NA
"Mf1_36",NA,NA,1,NA,NA,NA,NA,NA,NA,NA,NA,NA
"Mf1_37",NA,NA,0.334237550862236,0.336368920751792,NA,NA,NA,NA,NA,0.168184460375896,0.161209068010076,NA
"Mf1_38",NA,NA,0.521468371025893,NA,NA,0.478531628974107,NA,NA,NA,NA,NA,NA
"Mf1_39",0.250735053903953,0.247794838288141,NA,NA,0.501470107807906,NA,NA,NA,NA,NA,NA,NA
"Mf1_40",0.241789623988577,0.241789623988577,NA,NA,0.516420752022846,NA,NA,NA,NA,NA,NA,NA
"Mf1_41",0.32741617357002,0.337497260574184,NA,0.335086565855797,NA,NA,NA,NA,NA,NA,NA,NA
"Mf1_43",0.231791600212653,0.24534821903243,0.522860180754918,NA,NA,NA,NA,NA,NA,NA,NA,NA
"Mf1_44",0.247515808491418,0.227642276422764,0.031616982836495,0.493224932249323,NA,NA,NA,NA,NA,NA,NA,NA
"Mf1_45",0.239407509472959,0.246641405442646,0.513951085084395,NA,NA,NA,NA,NA,NA,NA,NA,NA
"Mf1_46",0.262845849802372,0.237154150197628,NA,NA,NA,NA,0.5,NA,NA,NA,NA,NA
"Mf1_47",0.507252382925819,0.492747617074182,NA,NA,NA,NA,NA,NA,NA,NA,NA,NA
"Mf1_48",0.1532582461786,0.160699919549477,NA,0.335076427996782,0.350965406275141,NA,NA,NA,NA,NA,NA,NA
"Mf1_49",0.23565441650548,0.248871695680206,NA,NA,0.515473887814313,NA,NA,NA,NA,NA,NA,NA
"Mf1_50",0.257179323548181,0.223994894703255,0.0529674537332482,0.465858328015316,NA,NA,NA,NA,NA,NA,NA,NA
"Mf1_52",NA,NA,0.518162393162393,NA,NA,NA,NA,0.481837606837607,NA,NA,NA,NA
"Mf1_53",0.157089706490285,0.172385283174866,NA,0.353451839603142,NA,NA,NA,NA,0.162877221992559,0.154195948739148,NA,NA
"Mf1_54",0.253416149068323,0.250310559006211,NA,NA,0.496273291925466,NA,NA,NA,NA,NA,NA,NA
"Mf1_55",NA,NA,1,NA,NA,NA,NA,NA,NA,NA,NA,NA
"Mf1_56",0.479596735477676,0.520403264522324,NA,NA,NA,NA,NA,NA,NA,NA,NA,NA
"Mf1_57",0.26171875,0.23095703125,NA,NA,0.50732421875,NA,NA,NA,NA,NA,NA,NA
"Mf1_58",0.174127599577018,0.163553048995418,0.343672893902009,0.318646457525555,NA,NA,NA,NA,NA,NA,NA,NA
"Mf1_60",0.156665027053615,0.1706837186424,NA,0.3293162813576,0.343334972946385,NA,NA,NA,NA,NA,NA,NA
"Mf1_62",0.45410071942446,0.456402877697842,0.0894964028776978,NA,NA,NA,NA,NA,NA,NA,NA,NA
"Mf1_63",0.530202821869489,0.469797178130511,NA,NA,NA,NA,NA,NA,NA,NA,NA,NA
"Mf1_64",NA,NA,0.515151515151515,NA,NA,0.484848484848485,NA,NA,NA,NA,NA,NA
"Mf1_65",0.332300542215337,0.333462432223083,NA,0.33423702556158,NA,NA,NA,NA,NA,NA,NA,NA
"Mf1_66",0.162385591969294,0.166666666666667,NA,0.345881310894597,NA,NA,0.325066430469442,NA,NA,NA,NA,NA
"Mf1_67",0.176714637624789,0.170232075716323,NA,0.34163101257617,NA,NA,0.311422274082717,NA,NA,NA,NA,NA
"Mf1_68",0.194513715710723,0.196780775334391,NA,0.407163908410791,0.201541600544094,NA,NA,NA,NA,NA,NA,NA
"Mf1_69",0.179227053140097,0.148309178743961,NA,0.347826086956522,0.32463768115942,NA,NA,NA,NA,NA,NA,NA
"Mf1_70",0.489919714540589,0.468153434433541,0.0419268510258698,NA,NA,NA,NA,NA,NA,NA,NA,NA
"Mf1_71",0.243782900707932,0.244508985296787,NA,0.51170811399528,NA,NA,NA,NA,NA,NA,NA,NA
"Mf1_72",0.496978851963746,0.503021148036254,NA,NA,NA,NA,NA,NA,NA,NA,NA,NA
"Mf1_73",NA,NA,NA,0.330277632268203,NA,NA,0.342063907805134,0.327658459926663,NA,NA,NA,NA
"Mf1_74",0.117542728152209,0.121412447597549,0.512254111576911,0.248790712673331,NA,NA,NA,NA,NA,NA,NA,NA
"Mf1_75",NA,NA,NA,NA,NA,0.50076957899502,NA,0.49923042100498,NA,NA,NA,NA
"Mf1_76",NA,NA,NA,NA,0.507745933384973,NA,NA,0.492254066615027,NA,NA,NA,NA
"Mf1_77",0.261278195488722,0.234335839598997,NA,NA,NA,NA,NA,0.504385964912281,NA,NA,NA,NA
"Mf1_78",0.239196488858879,0.24814314652262,NA,0.512660364618501,NA,NA,NA,NA,NA,NA,NA,NA
"Mf1_79",0.247335811648079,0.247211895910781,NA,NA,0.25179677819083,0.25365551425031,NA,NA,NA,NA,NA,NA
"Mf1_80",0.25521116548849,0.244154431756389,NA,NA,NA,NA,0.500634402755121,NA,NA,NA,NA,NA
"Mf1_81",0.13674356402541,0.112337011033099,0.504513540621866,0.246405884319626,NA,NA,NA,NA,NA,NA,NA,NA
"Mf1_82",0.370513232615451,0.373084753026894,NA,NA,NA,0.256402014357656,NA,NA,NA,NA,NA,NA
"Mf1_83",0.158440629470672,0.17274678111588,0.339055793991416,0.329756795422031,NA,NA,NA,NA,NA,NA,NA,NA
"Mf1_84",0.303153153153153,0.27972972972973,NA,0.209009009009009,NA,0.208108108108108,NA,NA,NA,NA,NA,NA
"Mf1_85",NA,NA,NA,0.333619763694952,0.341353383458647,NA,0.325026852846402,NA,NA,NA,NA,NA
"Mf1_86",0.159076330981398,0.155227710070558,NA,0.348300192431046,NA,NA,0.337395766516998,NA,NA,NA,NA,NA
"Mf1_87",0.324534161490683,0.328748890860692,NA,0.346716947648625,NA,NA,NA,NA,NA,NA,NA,NA
"Mf1_88",0.252762430939227,0.262891344383057,NA,NA,NA,NA,NA,0.484346224677716,NA,NA,NA,NA
"Mf1_89",0.322360953461975,0.338706015891033,NA,0.338933030646992,NA,NA,NA,NA,NA,NA,NA,NA
"Mf1_90",0.255294117647059,0.248529411764706,NA,NA,NA,NA,0.496176470588235,NA,NA,NA,NA,NA
